# https://iopscience.iop.org/article/10.1086/509715/pdf - Torres 2007
# https://iopscience.iop.org/article/10.1086/379281/pdf - Hatzes et al. (2003)

# Index definitions:
# 0 - McDonald I (Hatzes+03)
# 1 - Various zero-point-corrected instruments (Torres+07)
# 2 - CFHT (Walker+92)
# 3 - McDonald II (Hatzes+03)
# 4 - McDonald III (Hatzes+03)
# 5 - Various zero-point-corrected instruments (Griffin+02)


Epoch[JD]    RV[m/s]      RV_err[m/s] InstrumentID

2447368.96570	550.00          19.00	0
2447369.93000	570.80  	19.00	0
2447369.93460	572.00  	19.00	0
2447405.93380	500.80  	19.00	0
2447430.71100	530.60  	19.00	0
2447430.71410	520.50  	19.00	0
2447459.75690	495.20  	19.00	0
2447460.75590	488.80  	19.00	0
2447495.75390	416.40  	19.00	0
2447495.75970	416.30  	19.00	0
2447496.70460	437.90  	19.00	0
2447516.66650	440.00  	19.00	0
2447517.65870	416.10  	19.00	0
2447551.60570	397.00  	19.00	0
2447551.61010	391.90  	19.00	0
2447582.57400	359.10  	19.00	0
2447696.96850	274.90  	19.00	0
2447762.94030	220.30  	19.00	0
2447785.92860	152.90  	19.00	0
2447785.93190	157.60  	19.00	0
2447786.81760	171.10  	19.00	0
2447786.82100	166.30  	19.00	0
2447813.74990	133.50  	19.00	0
2447848.68030	102.90  	19.00	0
2447879.65910	70.00	        19.00	0
2447880.71120	67.70   	19.00	0
2447895.62350	72.00   	19.00	0
2448145.89810	-112.50 	19.00	0
2448145.90390	-112.20 	19.00	0
2448146.82170	-89.40  	19.00	0
2448176.84570	-143.40 	19.00	0
2448176.85130	-153.70 	19.00	0
2448198.86610	-182.70 	19.00	0
2448227.71280	-178.00 	19.00	0
2448523.81920	-277.60 	19.00	0
2448523.82410	-278.00 	19.00	0
2448854.90660	-390.10 	19.00	0
2448903.85170	-426.30 	19.00	0
2449260.79010	-327.90  	19.00	0
2449260.79460	-325.20	    19.00	0
2449649.73680	-235.80	    19.00	0
2449649.73900	-243.40	    19.00	0
2449649.74110	-234.70	    19.00	0
2416039.74000	-42230.00	750.00	1
2416208.65000	-42430.00	750.00	1
2416241.61000	-42930.00	750.00	1
2417131.88000	-41570.00	560.00	1
2417146.88000	-43170.00	560.00	1
2417152.83000	-43970.00	560.00	1
2417178.25000	-42640.00	750.00	1
2417180.22000	-42990.00	750.00	1
2417467.48000	-43940.00	750.00	1
2417494.39000	-42250.00	750.00	1
2417853.41000	-43370.00	750.00	1
2423021.62000	-47580.00	1880.00	1
2435109.00000	-42300.00	1130.00	1
2441496.97000	-41340.00	1130.00	1
2441497.97000	-42180.00	1130.00	1
2441642.60000	-43780.00	1130.00	1
2441642.60000	-43700.00	1130.00	1
2441642.61000	-44130.00	1130.00	1
2441643.59000	-45120.00	1130.00	1
2441643.62000	-44360.00	1130.00	1
2441644.72000	-44160.00	1130.00	1
2442203.97000	-43190.00	1130.00	1
2442205.00000	-43800.00	1130.00	1
2442334.78000	-42240.00	1130.00	1
2442335.84000	-43180.00	1130.00	1
2442336.76000	-42580.00	1130.00	1
2443396.00000	-42590.00	470.00	1
2452099.97000	-45080.00	230.00	1
2453275.78000	-44720.00	230.00	1
2453337.67000	-44600.00	230.00	1
2458934.7414    -42050.00       140.00  1
2459100.9786    -42220.00       140.00  1
2459539.3645    -42010.00       140.00  1
2444754.12900	1808.90 	15.60	2
2444771.11200	1849.30 	23.90	2
2444957.88500	1689.40 	12.20	2
2445148.07800	1572.00 	17.80	2
2445166.04800	1555.30 	8.40	2
2445212.95900	1530.80 	13.10	2
2445276.88400	1499.80 	8.90	2
2445711.70300	1280.40 	13.70	2
2445712.78600	1258.40 	11.00	2
2445811.13000	1211.10 	9.70	2
2445865.13600	1166.40 	12.60	2
2445902.04200	1103.70 	9.10	2
2446047.77100	1006.00 	9.70	2
2446047.78300	992.50  	10.80	2
2446217.14400	856.40  	14.70	2
2446284.00400	801.70  	22.40	2
2446288.01000	801.70  	15.50	2
2446393.80400	719.00  	15.10	2
2446394.85800	740.90  	12.70	2
2446605.10000	550.20  	9.30	2
2446725.83000	449.60  	6.00	2
2446726.85700	453.80  	8.70	2
2446784.82100	399.00  	7.20	2
2446785.84400	390.20  	10.00	2
2446834.75800	341.90  	10.60	2
2446865.70000	343.90  	8.60	2
2446961.13000	208.40  	8.10	2
2446962.11000	188.20  	7.60	2
2447020.07400	113.60  	8.10	2
2447021.06400	118.10  	8.30	2
2447101.94100	46.20   	7.20	2
2447101.94900	49.90   	6.40	2
2447102.94600	53.80   	6.30	2
2447102.95500	59.40   	6.90	2
2447160.82300	-1.50   	13.00	2
2447307.11000	-144.10 	8.20	2
2447307.11800	-120.40 	8.50	2
2447308.10900	-124.50 	12.20	2
2447339.04000	-148.30 	8.50	2
2447339.05400	-178.30 	9.90	2
2447340.02600	-165.30 	8.00	2
2447370.98800	-195.00 	10.60	2
2447371.99700	-199.20 	10.30	2
2447372.00000	-207.20 	10.90	2
2447454.83600	-253.30 	7.90	2
2447519.83300	-291.50 	11.50	2
2447545.69100	-311.80 	13.40	2
2447636.13200	-388.60 	14.30	2
2447636.13700	-400.60 	12.40	2
2447637.09000	-387.90 	13.80	2
2447699.11400	-470.80 	13.00	2
2447700.11300	-495.50 	18.30	2
2447700.12400	-489.90 	13.70	2
2447788.03300	-585.10 	8.10	2
2447788.92700	-583.80 	7.70	2
2447788.93200	-582.10 	7.10	2
2447894.82000	-676.10 	17.00	2
2448112.98800	-858.20 	7.60	2
2448112.93300	-864.10 	7.20	2
2448113.99700	-873.10 	5.80	2
2448290.77600	-948.80 	18.20	2
2448406.10400	-957.00 	17.50	2
2448406.11100	-966.00 	17.90	2
2448407.10700	-982.20 	10.40	2
2448471.02100	-1025.70	8.60	2
2448471.97600	-972.50	        12.10	2
2448577.85200	-1062.60	6.70	2
2448578.81000	-1044.60	7.40	2
2448578.81900	-1048.60	9.00	2
2448177.86960	35.39   	33.09	3
2448177.87730	29.94   	23.82	3
2448200.83110	27.72   	13.42	3
2448224.70080	53.95   	11.53	3
2448259.60200	42.85   	13.09	3
2448484.83930	-37.21  	14.00	3
2448524.83040	-93.10  	17.55	3
2448555.79390	-105.15 	12.07	3
2448555.80380	-116.01 	9.08	3
2448607.76380	-138.18 	13.85	3
2448644.64650	-137.70 	16.41	3
2448824.95470	-204.50 	20.26	3
2448824.96090	-192.72 	24.48	3
2448852.97330	-209.83 	20.32	3
2448853.91490	-212.64 	18.76	3
2448882.82730	-205.27 	12.96	3
2448901.79120	-225.14 	10.72	3
2448902.77640	-235.24 	18.78	3
2448943.74430	-246.38 	15.91	3
2448971.65710	-238.61 	18.23	3
2448973.61890	-205.78 	19.50	3
2449020.64010	-218.97 	13.72	3
2449220.97320	-167.29 	33.39	3
2449258.84840	-132.89 	17.28	3
2449286.79030	-181.63 	15.92	3
2449352.68040	-119.99 	18.05	3
2449380.58710	-97.26  	19.21	3
2449400.56560	-116.95 	17.10	3
2449587.88450	-68.05  	16.10	3
2449587.89070	-61.08  	17.55	3
2449615.88990	-72.07  	14.53	3
2449647.81280	-73.35  	10.00	3
2449670.71180	-28.25  	8.18	3
2449703.67830	-35.81  	12.40	3
2449734.58770	-28.56  	15.26	3
2449769.56390	-22.20  	11.46	3
2449917.93260	87.22   	12.25	3
2449946.92470	103.39  	36.52	3
2449963.85670	135.27  	20.53	3
2449993.83040	127.05  	16.89	3
2450093.62430	188.90  	8.42	3
2450124.60060	222.54  	8.77	3
2450292.89080	351.62  	13.65	3
2450354.80070	389.66  	9.85	3
2450409.73630	394.82  	14.13	3
2450480.65300	420.67  	15.16	3
2450700.89950	556.24	    16.33	3
2450768.80080	575.22  	14.58	3
2450834.60490	650.27  	12.11   3
2451010.89596944   11273.0     4.5  4
2451010.90078441   11278.0     4.5  4
2451065.84687651   11318.1     4.9  4
2451152.61196277   11392.6     5.2  4
2451212.59239847   11447.3     5.9  4
2451212.59635664   11446.7     5.4  4
2451239.56592609   11431.5     9.9  4
2451239.56991897   11458.5    12.3  4
2451417.91438151   11540.9     4.8  4
2451451.83987288   11549.0     5.1  4
2451503.65471849   11571.6     4.9  4
2451503.65842219   11566.1     5.1  4
2451503.66172081   11567.9     4.9  4
2451530.72057432   11580.7     5.1  4
2451556.62786627   11594.7     5.0  4
2451750.94340856   11722.1     4.6  4
2451775.87474150   11742.7     4.6  4
2451861.70521264   11840.2     6.2  4
2451861.70915711   11846.4     5.9  4
2451919.58841042   11846.4     4.9  4
2451946.71915611   11864.1     5.3  4
2452117.95451160   11983.7     4.9  4
2452221.84430545   12028.2     5.4  4
2452328.61179073   12054.6     4.8  4
2452472.95418420   12111.9     5.0  4
2452472.95748963   12101.9     5.3  4
2452473.95215821   12101.4     5.0  4
2452473.95535312   12100.0     4.9  4
2452492.88568701   12113.0     4.8  4
2452492.88755525   12106.4     4.4  4
2452493.85486507   12112.9     4.8  4
2452493.85673783   12104.5     4.8  4
2452494.92858681   12121.8     4.8  4
2452494.93022091   12120.2     4.7  4
2452495.91522372   12123.5     5.0  4
2452538.84452287   12143.0     5.2  4
2452538.84649030   12140.5     5.6  4
2452576.78165992   12167.8     4.8  4
2452599.63446565   12189.7     5.0  4
2452599.63703995   12189.3     5.1  4
2452621.71242406   12183.9     4.8  4
2452621.71477113   12186.6     5.0  4
2452839.93458459   12330.0     4.8  4
2452839.93739268   12329.3     4.9  4
2452930.84518154   12390.0     5.1  4
2452930.84709559   12388.0     4.8  4
2452958.69081525   12404.1     5.2  4
2452958.69424547   12404.9     5.7  4
2453067.57925311   12456.9     4.8  4
2453067.58394470   12454.3     4.8  4
2453067.58820412   12459.2     4.9  4
2453318.65565825   12513.8     5.0  4
2453318.66063584   12508.8     5.2  4
2453584.94862922   12632.4     5.0  4
2453584.95055187   12634.8     5.0  4
2453655.78435447   12657.0     4.8  4
2453655.78815978   12657.3     5.0  4
2453689.72961951   12684.1     5.3  4
2453746.67306840   12705.3     5.0  4
2453746.67619526   12709.1     4.9  4
2454732.85052284   13066.4     4.8  4
2454732.85267940   13070.8     4.7  4
2454732.85483295   13073.5     4.9  4
2454783.70178839   13074.9     5.1  4
2454783.70401618   13069.9     5.3  4
2454783.70582210   13075.5     5.3  4
2454783.70763287   13077.4     5.2  4
2455047.93624144   13126.7     6.0  4
2455047.93818839   13118.2     5.5  4
2455047.94135426   13118.9     5.6  4
2455102.81295555   13105.4     5.3  4
2455102.81426080   13107.3     5.2  4
2455102.81557508   13112.4     5.0  4
2455131.73097218   13115.9     5.6  4
2455131.73285219   13119.4     5.4  4
2455131.73469435   13118.9     5.8  4
2455131.73660145   13118.3     5.6  4
2455131.73851456   13118.7     5.7  4
2455173.71506850   13126.6     5.7  4
2455173.71721315   13119.0     5.7  4
2455173.71945560   13120.0     5.8  4
2455200.60884629   13121.0     7.3  4
2455200.61104912   13117.8     6.6  4
2455200.61335426   13125.5     6.5  4
2455399.63926959   13205.3     5.4  4
2455399.64112336   13205.8     5.2  4
2455399.64295468   13206.0     5.3  4
2455399.66619498   13205.4     5.2  4
2455399.66814899   13206.0     5.5  4
2455399.67011491   13209.8     5.4  4
2455470.84096124   13237.8     5.3  4
2455470.84251129   13242.9     5.0  4
2455470.84423565   13238.4     4.9  4
2455494.80474722   13251.0     5.0  4
2455494.80644725   13251.0     5.2  4
2455494.80810562   13247.2     5.1  4
2455494.80976387   13247.3     5.0  4
2455494.81136656   13250.1     5.5  4
2455526.69448644   13267.7     5.1  4
2455526.69710205   13263.5     5.3  4
2455526.69940425   13266.5     5.1  4
2455526.70168213   13260.5     5.2  4
2455526.70398676   13263.5     5.1  4
2455526.70633374   13256.8     4.9  4
2455585.60133803   13276.6     5.4  4
2455585.60519205   13275.4     5.1  4
2455585.60978516   13281.3     5.1  4
2455761.74418658   13313.8     6.6  4
2455761.74583444   13315.0     6.1  4
2455761.74747848   13334.7     6.6  4
2455870.74594451   13356.6     5.4  4
2455870.74908297   13347.9     5.3  4
2456172.87929406   13363.5     5.3  4
2456172.88123754   13363.2     5.1  4
2456179.88249082   13364.7     5.1  4
2456179.88400454   13360.8     5.0  4
2456179.88551768   13365.5     5.1  4
2456180.83579423   13366.9     6.9  4
2456180.83751455   13371.2     7.1  4
2456180.83924112   13363.0     6.2  4
2456235.77143342   13408.9     5.6  4
2456235.77229801   13404.3     5.5  4
2456235.77315531   13402.2     5.3  4
2456239.71564019   13412.5     5.9  4
2456239.71710063   13405.8     5.6  4
2456266.87039542   13406.8     6.0  4
2456266.87186114   13409.5     6.0  4
2456266.87332918   13405.9     5.5  4
2456518.93313249   13496.5     4.8  4
2456518.93451287   13495.7     5.0  4
2456518.93589383   13493.8     5.0  4
2456561.81854077   13512.0     5.3  4
2456590.81124821   13516.9     4.8  4
2456590.81292382   13518.1     4.8  4
2456623.62700167   13536.6     5.2  4
2456623.62891856   13535.6     5.3  4
2456623.63083707   13531.9     5.6  4
2456640.59945487   13530.0     5.2  4
2456640.60133944   13526.4     5.3  4
2456640.60319879   13533.0     5.5  4
2456672.58776213   13536.0     4.8  4
2456672.58934425   13539.7     4.9  4
2456672.59091295   13535.0     4.7  4
2456697.55962879   13538.6     5.4  4
2456697.56165683   13531.7     5.2  4
2456697.56372642   13536.5     5.3  4
2456861.91438076   13533.0     5.0  4
2456861.91657471   13533.6     4.9  4
2456861.91855105   13528.6     5.0  4
2456883.93219513   13531.7     5.0  4
2456883.93359635   13537.4     5.1  4
2456883.93502604   13531.8     4.8  4
2456933.83984455   13527.6     5.4  4
2456933.84127272   13536.6     5.0  4
2456933.84266142   13531.7     5.3  4
2456937.84305536   13528.6     5.4  4
2456937.84486028   13532.7     5.5  4
2456937.84661461   13527.7     5.2  4
2456971.70009984   13550.2     5.5  4
2456971.70197440   13545.7     5.2  4
2456971.70385485   13556.7     5.3  4
2457034.60508268   13550.7     5.3  4
2457034.60674640   13548.8     5.2  4
2457034.60850814   13546.7     5.1  4
2457242.97680329   13591.5     4.7  4
2457242.97840903   13593.7     4.9  4
2457242.98022959   13596.0     5.0  4
2457402.59493385   13673.4     5.1  4
2457402.59689779   13674.6     5.2  4
2457402.59915893   13676.1     5.3  4
2457609.93177367   13706.7     5.7  4
2457734.56575417   13696.5     5.8  4
2457734.56736965   13692.4     5.0  4
2457734.56897160   13699.1     5.6  4
2457738.65083167   13702.6     5.4  4
2457738.65232250   13706.1     5.6  4
2457738.65379412   13707.5     5.6  4
2457772.67403622   13694.7     5.2  4
2457772.67545909   13690.8     5.0  4
2457772.67688785   13686.1     4.8  4
2457954.95076687   13704.3     5.3  4
2457954.95326684   13699.1     5.5  4
2457954.95478726   13692.4     5.4  4
2458007.81122219   13704.0     5.2  4
2458007.81276160   13702.6     5.0  4
2458007.81426537   13702.3     5.1  4
2458010.79363073   13702.3     4.9  4
2458067.68408354   13759.5     7.0  4
2458067.68572464   13753.9     6.7  4
2458067.68738785   13742.8     6.2  4
2458097.56102366   13746.5     4.9  4
2458097.56244239   13750.8     5.3  4
2458097.56385938   13746.0     5.1  4
2458322.95766951   13800.3     5.2  4
2458322.95936957   13798.3     5.0  4
2458322.96107345   13799.8     5.1  4
2458457.65973513   13826.0     5.0  4
2458457.66153638   13826.1     5.1  4
2458457.66332595   13837.1     5.4  4
2458465.64194898   13833.0     5.0  4
2458465.64386423   13836.8     5.1  4
2458465.64576999   13835.2     5.4  4
2458494.57662918   13839.8     5.1  4
2458494.57895757   13837.4     5.4  4
2458684.95452616   13808.2     5.1  4
2458684.95636905   13807.0     5.3  4
2458684.95815245   13811.0     5.0  4
2458779.82052941   13822.5     5.7  4
2458779.82255735   13827.4     5.6  4
2458856.62909874   13829.2     5.5  4
2458856.63086153   13825.8     5.3  4
2458856.63264793   13825.7     5.4  4
2459091.88748954   13878.5     5.7  4
2459091.88909528   13878.3     6.4  4
2459091.89077845   13888.0     5.6  4
2459114.83499811   13901.3     5.8  4
2459114.83654261   13897.1     5.2  4
2459114.83808514   13893.4     5.7  4
2459133.85893765   13892.8     6.3  4
2459133.86080657   13887.4     6.9  4
2459133.86267572   13890.9     6.9  4
2459135.78980159   13897.5     5.5  4
2459135.79159458   13901.8     5.5  4
2459135.79347113   13905.8     5.1  4
2459144.66091810   13924.7     5.6  4
2459144.66270599   13934.3     5.7  4
2459192.72383294   13934.7     5.6  4
2459192.72536950   13932.8     5.6  4
2459192.72693950   13927.3     5.4  4
