2453932.14 870.0 5.0 4.483925381298632 0.00471238898038469 0
2453989.445 891.0 6.0 4.470835411908674 0.006108652381980153 0
2453990.54 887.0 5.0 4.474849669188261 0.005934119456780722 0
2457566.376005625 1581.6 4.0 3.8671260236438356 0.0017453292519943296 0
2458037.375 1654.3000000000002 1.7 3.8203511996903874 0.0017453292519943296 0
2458671.38 1738.5 1.7 3.780034093969319 0.0017453292519943296 0
2456890.5305 1441.0 11.0 3.9453167741331825 0.00715584993317675 0
2457261.5529959747 1517.0 11.0 3.907617662290104 0.00715584993317675 0
2457689.2056095093 1603.0 14.0 3.8453094079939065 0.008552113334772213 0
2458056.501 1652.0 8.0 3.834488366631542 0.005061454830783556 0
2459098.197 1787.0 7.0 3.7454765747798313 0.004014257279586958 0
