2416039.74 -42230.0 750.0 1
2416208.65 -42430.0 750.0 1
2416241.61 -42930.0 750.0 1
2417131.88 -41570.0 560.0 1
2417146.88 -43170.0 560.0 1
2417152.83 -43970.0 560.0 1
2417178.25 -42640.0 750.0 1
2417180.22 -42990.0 750.0 1
2417467.48 -43940.0 750.0 1
2417494.39 -42250.0 750.0 1
2417853.41 -43370.0 750.0 1
2423021.62 -47580.0 1880.0 1
2435109.0 -42300.0 1130.0 1
2441496.97 -41340.0 1130.0 1
2441497.97 -42180.0 1130.0 1
2441642.6 -43780.0 1130.0 1
2441642.6 -43700.0 1130.0 1
2441642.61 -44130.0 1130.0 1
2441643.59 -45120.0 1130.0 1
2441643.62 -44360.0 1130.0 1
2441644.72 -44160.0 1130.0 1
2442203.97 -43190.0 1130.0 1
2442205.0 -43800.0 1130.0 1
2442334.78 -42240.0 1130.0 1
2442335.84 -43180.0 1130.0 1
2442336.76 -42580.0 1130.0 1
2443396.0 -42590.0 470.0 1
2452099.97 -45080.0 230.0 1
2453275.78 -44720.0 230.0 1
2453337.67 -44600.0 230.0 1
2458934.7414 -42050.0 140.0 1
2459100.9786 -42220.0 140.0 1
2459539.3645 -42010.0 140.0 1
2444754.129 1808.9 15.6 2
2444771.112 1849.3 23.9 2
2444957.885 1689.4 12.2 2
2445148.078 1572.0 17.8 2
2445166.048 1555.3 8.4 2
2445212.959 1530.8 13.1 2
2445276.884 1499.8 8.9 2
2445711.703 1280.4 13.7 2
2445712.786 1258.4 11.0 2
2445811.13 1211.1 9.7 2
2445865.136 1166.4 12.6 2
2445902.042 1103.7 9.1 2
2446047.771 1006.0 9.7 2
2446047.783 992.5 10.8 2
2446217.144 856.4 14.7 2
2446284.004 801.7 22.4 2
2446288.01 801.7 15.5 2
2446393.804 719.0 15.1 2
2446394.858 740.9 12.7 2
2446605.1 550.2 9.3 2
2446725.83 449.6 6.0 2
2446726.857 453.8 8.7 2
2446784.821 399.0 7.2 2
2446785.844 390.2 10.0 2
2446834.758 341.9 10.6 2
2446865.7 343.9 8.6 2
2446961.13 208.4 8.1 2
2446962.11 188.2 7.6 2
2447020.074 113.6 8.1 2
2447021.064 118.1 8.3 2
2447101.941 46.2 7.2 2
2447101.949 49.9 6.4 2
2447102.946 53.8 6.3 2
2447102.955 59.4 6.9 2
2447160.823 -1.5 13.0 2
2447307.11 -144.1 8.2 2
2447307.118 -120.4 8.5 2
2447308.109 -124.5 12.2 2
2447339.04 -148.3 8.5 2
2447339.054 -178.3 9.9 2
2447340.026 -165.3 8.0 2
2447370.988 -195.0 10.6 2
2447371.997 -199.2 10.3 2
2447372.0 -207.2 10.9 2
2447454.836 -253.3 7.9 2
2447519.833 -291.5 11.5 2
2447545.691 -311.8 13.4 2
2447636.132 -388.6 14.3 2
2447636.137 -400.6 12.4 2
2447637.09 -387.9 13.8 2
2447699.114 -470.8 13.0 2
2447700.113 -495.5 18.3 2
2447700.124 -489.9 13.7 2
2447788.033 -585.1 8.1 2
2447788.927 -583.8 7.7 2
2447788.932 -582.1 7.1 2
2447894.82 -676.1 17.0 2
2448112.988 -858.2 7.6 2
2448112.933 -864.1 7.2 2
2448113.997 -873.1 5.8 2
2448290.776 -948.8 18.2 2
2448406.104 -957.0 17.5 2
2448406.111 -966.0 17.9 2
2448407.107 -982.2 10.4 2
2448471.021 -1025.7 8.6 2
2448471.976 -972.5 12.1 2
2448577.852 -1062.6 6.7 2
2448578.81 -1044.6 7.4 2
2448578.819 -1048.6 9.0 2
2447368.9657 550.0 19.0 3
2447369.93 570.8 19.0 3
2447369.9346 572.0 19.0 3
2447405.9338 500.8 19.0 3
2447430.711 530.6 19.0 3
2447430.7141 520.5 19.0 3
2447459.7569 495.2 19.0 3
2447460.7559 488.8 19.0 3
2447495.7539 416.4 19.0 3
2447495.7597 416.3 19.0 3
2447496.7046 437.9 19.0 3
2447516.6665 440.0 19.0 3
2447517.6587 416.1 19.0 3
2447551.6057 397.0 19.0 3
2447551.6101 391.9 19.0 3
2447582.574 359.1 19.0 3
2447696.9685 274.9 19.0 3
2447762.9403 220.3 19.0 3
2447785.9286 152.9 19.0 3
2447785.9319 157.6 19.0 3
2447786.8176 171.1 19.0 3
2447786.821 166.3 19.0 3
2447813.7499 133.5 19.0 3
2447848.6803 102.9 19.0 3
2447879.6591 70.0 19.0 3
2447880.7112 67.7 19.0 3
2447895.6235 72.0 19.0 3
2448145.8981 -112.5 19.0 3
2448145.9039 -112.2 19.0 3
2448146.8217 -89.4 19.0 3
2448176.8457 -143.4 19.0 3
2448176.8513 -153.7 19.0 3
2448198.8661 -182.7 19.0 3
2448227.7128 -178.0 19.0 3
2448523.8192 -277.6 19.0 3
2448523.8241 -278.0 19.0 3
2448854.9066 -390.1 19.0 3
2448903.8517 -426.3 19.0 3
2449260.7901 -327.9 19.0 3
2449260.7946 -325.2 19.0 3
2449649.7368 -235.8 19.0 3
2449649.739 -243.4 19.0 3
2449649.7411 -234.7 19.0 3
2448177.8696 35.39 33.09 4
2448177.8773 29.94 23.82 4
2448200.8311 27.72 13.42 4
2448224.7008 53.95 11.53 4
2448259.602 42.85 13.09 4
2448484.8393 -37.21 14.0 4
2448524.8304 -93.1 17.55 4
2448555.7939 -105.15 12.07 4
2448555.8038 -116.01 9.08 4
2448607.7638 -138.18 13.85 4
2448644.6465 -137.7 16.41 4
2448824.9547 -204.5 20.26 4
2448824.9609 -192.72 24.48 4
2448852.9733 -209.83 20.32 4
2448853.9149 -212.64 18.76 4
2448882.8273 -205.27 12.96 4
2448901.7912 -225.14 10.72 4
2448902.7764 -235.24 18.78 4
2448943.7443 -246.38 15.91 4
2448971.6571 -238.61 18.23 4
2448973.6189 -205.78 19.5 4
2449020.6401 -218.97 13.72 4
2449220.9732 -167.29 33.39 4
2449258.8484 -132.89 17.28 4
2449286.7903 -181.63 15.92 4
2449352.6804 -119.99 18.05 4
2449380.5871 -97.26 19.21 4
2449400.5656 -116.95 17.1 4
2449587.8845 -68.05 16.1 4
2449587.8907 -61.08 17.55 4
2449615.8899 -72.07 14.53 4
2449647.8128 -73.35 10.0 4
2449670.7118 -28.25 8.18 4
2449703.6783 -35.81 12.4 4
2449734.5877 -28.56 15.26 4
2449769.5639 -22.2 11.46 4
2449917.9326 87.22 12.25 4
2449946.9247 103.39 36.52 4
2449963.8567 135.27 20.53 4
2449993.8304 127.05 16.89 4
2450093.6243 188.9 8.42 4
2450124.6006 222.54 8.77 4
2450292.8908 351.62 13.65 4
2450354.8007 389.66 9.85 4
2450409.7363 394.82 14.13 4
2450480.653 420.67 15.16 4
2450700.8995 556.24 16.33 4
2450768.8008 575.22 14.58 4
2450834.6049 650.27 12.11 4
2413875.71 -41000.0 900.0 0
2413876.7 -41800.0 900.0 0
2414527.94 -40100.0 900.0 0
2414538.9 -42000.0 900.0 0
2417425.02 -43300.0 900.0 0
2422897.95 -44700.0 900.0 0
2422944.85 -43800.0 900.0 0
2443731.84 -41500.0 500.0 0
2443740.49 -42200.0 800.0 0
2443756.77 -42400.0 500.0 0
2443783.46 -41900.0 800.0 0
2443886.27 -43800.0 800.0 0
2444114.54 -42500.0 800.0 0
2444139.44 -42700.0 800.0 0
2444206.31 -41200.0 800.0 0
2444239.25 -42300.0 800.0 0
2444483.52 -43700.0 800.0 0
2444488.78 -42900.0 500.0 0
2444546.36 -43500.0 800.0 0
2444589.19 -42300.0 800.0 0
2444635.23 -41700.0 800.0 0
2444833.56 -41500.0 800.0 0
2444870.44 -41000.0 800.0 0
2444880.44 -42700.0 800.0 0
2444958.22 -42500.0 800.0 0
2445213.51 -42300.0 800.0 0
2445369.63 -42800.0 300.0 0
2445597.48 -44300.0 800.0 0
2445718.28 -43500.0 800.0 0
2446113.59 -43900.0 300.0 0
2446314.53 -43800.0 800.0 0
2446351.42 -43000.0 800.0 0
2446668.55 -43900.0 200.0 0
2446727.5 -43800.0 800.0 0
2446788.23 -44500.0 800.0 0
2446795.21 -44100.0 800.0 0
2447081.49 -44400.0 200.0 0
2447152.26 -44600.0 800.0 0
2447164.31 -45300.0 800.0 0
2447186.61 -44400.0 300.0 0
2447233.28 -44600.0 200.0 0
2447369.6 -43200.0 800.0 0
2447445.46 -44600.0 800.0 0
2447466.43 -45100.0 200.0 0
2447508.34 -43100.0 800.0 0
2447539.28 -43800.0 800.0 0
2447614.28 -45200.0 200.0 0
2447644.64 -44800.0 200.0 0
2447817.51 -45200.0 800.0 0
2447856.31 -45400.0 800.0 0
2447883.32 -44800.0 800.0 0
2447918.23 -45100.0 200.0 0
2448171.49 -45100.0 800.0 0
2448283.33 -45700.0 200.0 0
2448559.43 -45800.0 200.0 0
2448607.31 -45800.0 200.0 0
2448637.26 -45600.0 200.0 0
2448798.56 -45500.0 200.0 0
2448848.54 -45500.0 200.0 0
2448978.26 -45700.0 200.0 0
2449032.27 -45700.0 200.0 0
2449177.6 -45400.0 200.0 0
2449348.39 -45300.0 200.0 0
2449403.24 -45200.0 200.0 0
2449567.52 -45300.0 200.0 0
2449697.32 -45500.0 200.0 0
2449719.34 -45600.0 200.0 0
2450083.3 -45200.0 200.0 0
2450443.35 -45300.0 200.0 0
2450473.34 -45000.0 200.0 0
2450648.61 -44800.0 200.0 0
2450701.45 -45000.0 200.0 0
2450806.3 -44800.0 200.0 0
2450936.66 -44600.0 200.0 0
2451003.57 -44700.0 200.0 0
2451369.95 -44700.0 300.0 0
2451570.57 -43800.0 300.0 0
2455397.1345220003 -226.463659186166 0.7422562241554259 7
2455544.679641 -165.86193704011 1.05139243602753 7
2456589.786702 84.98754081136055 1.93524193763733 8
2456597.734018 67.67757861890955 1.87091088294983 8
2456606.702041 82.29061524916754 1.9404255151748704 8
2456610.814014 63.77663813602254 1.9497401714325 8
2456611.71175 73.03989502992354 1.71958529949188 8
2456611.783151 76.23666203599154 1.26512885093689 8
2456622.702512 75.86610684994754 1.47786843776703 8
2456623.744799 76.00302133745055 1.46161925792694 8
2456624.724124 82.72281630195054 1.61419343948364 8
2456626.716752 81.07004915183954 1.6208782196044902 8
2456632.743864 84.46654715425954 1.82960200309753 8
2456644.669935 86.37805562764154 2.11837410926819 8
2456662.607243 77.21007545621855 1.93388223648071 8
2456689.735485 78.30871875400955 1.71866750717163 8
2456725.739402 92.31453421352596 1.81717109680176 8
2456728.734061 82.96014257080955 1.6072787046432502 8
2456740.737839 96.35886290938564 2.15873050689697 8
2456801.873484 90.92808801651964 1.93881797790527 8
2456808.844971 87.65106993508955 1.91122710704803 8
2456812.874471 97.85345923683204 2.01673316955566 8
2456822.778985 93.80930791011345 1.800288438797 8
2456838.761242 89.19009264283234 2.2694993019104 8
2456889.08442 97.0834758721695 0.973817944526672 7
2456913.8430580003 95.46302250497034 2.28519868850708 8
2456921.623681 98.70392923936863 2.49471783638 8
2456985.721851 95.72771295799063 1.79535293579102 8
2457028.582748 103.98655678461134 2.11421990394592 8
2457044.6959430003 103.66839712008093 2.02611351013184 8
2457046.706827 110.53747836148943 1.87414216995239 8
2457115.814792 121.60080073467364 1.7405834197998 8
2457121.7252970003 131.22405656379985 1.8528118133544904 8
2457138.7098740004 125.93562405445934 1.9240454435348504 8
2457148.711046 119.24199077490955 1.93307483196259 8
2457170.953293 136.91235487462842 1.74124729633331 8
2457193.978182 137.76591963915263 1.6450742483139 8
2457213.133461 148.238390102068 0.90341728925705 7
2457214.133295 146.883005785374 1.01033091545105 7
2457220.976688 151.56770600436238 1.89817118644714 8
2457245.863552 161.82839798552877 1.82647383213043 8
2457267.886926 166.13579004738804 1.65598022937775 8
2457311.740196 176.67330221982394 1.92630660533905 8
2457478.691714 244.0874470865306 1.9158222675323504 8
2457483.0392380003 251.3432315608728 2.0040659904480003 8
2457483.672483 248.7602973479201 1.97476291656494 8
2457613.917018 251.943442114278 1.77584290504456 8
2457635.918204 250.45171060007203 1.89919364452362 8
2457685.744603 266.5978125393221 1.9220734834671 8
2457783.916537 243.8148946964145 1.75567042827606 8
2457854.021786 246.56460686412845 1.82738614082336 8
2457875.8665380003 249.20382835743945 1.8303519487381 8
2457881.858841 254.1712037474321 2.02247786521912 8
2457881.977532 262.5365092544722 1.88273143768311 8
2457909.72643 258.31589985752515 1.87217903137207 8
2457991.798465 264.3244875427922 1.8759161233902 8
2458007.863895 268.7471806609972 2.10528755187988 8
2458011.807025 261.86391711409385 1.87118196487427 8
2458027.7417220003 271.09069481353504 1.58569085597992 8
2458031.813831 269.59080546814107 1.7964375019073502 8
2458039.702487 280.6677375682737 1.65855503082275 8
2458051.676715 273.4393744396493 1.9289829730987504 8
2458063.690827 280.79663985986514 1.82966446876526 8
2458086.691013 291.27303151832854 2.12874054908752 8
2458088.666405 296.2091751085295 1.73024582862854 8
2458115.9444330004 298.04268777715856 2.02482771873474 8
2458165.922931 308.46758689157656 1.87166357040405 8
2458250.959761 341.1695195602836 1.79879081249237 8
2458357.895909 370.99844607593855 2.40390491485596 8
2458372.816535 383.12807572964965 2.00866222381592 8
2458390.8676 367.8678512251096 1.78280532360077 8
2458398.731488 375.1102111397676 1.7021826505661002 8
2458405.7800330003 372.49381569782656 1.80775368213654 8
2458410.772821 371.3223993638235 1.85810840129852 8
2458414.77063 372.02247763128855 1.82091808319092 8
2455015.9818 -43660.0 40.0 6
2455018.9475 -43700.0 40.0 6
2455167.6551 -43630.0 40.0 6
2455192.546 -43610.0 40.0 6
2455227.5752 -43580.0 40.0 6
2455369.9719 -43450.0 40.0 6
2455464.8355 -43560.0 40.0 6
2455487.822 -43520.0 40.0 6
2455497.7536 -43490.0 40.0 6
2455524.6594 -43410.0 40.0 6
2455549.5875 -43480.0 40.0 6
2455559.5498 -43490.0 40.0 6
2455576.5647 -43460.0 40.0 6
2455584.567 -43440.0 40.0 6
2455701.9902 -43450.0 40.0 6
2455704.985 -43430.0 40.0 6
2455705.9743 -43440.0 40.0 6
2455706.9758 -43430.0 40.0 6
2455723.9694 -43430.0 40.0 6
2455729.978 -43440.0 40.0 6
2455852.5764 -43480.0 40.0 6
2455874.6944 -43400.0 40.0 6
2455912.6558 -43330.0 50.0 6
2455931.5591 -43420.0 40.0 6
2455931.5612 -43410.0 40.0 6
2455957.5581 -43400.0 40.0 6
2455957.563 -43410.0 40.0 6
2456234.7135 -43340.0 40.0 6
2456239.7542 -43400.0 50.0 6
2456288.5554 -43350.0 40.0 6
2456309.5743 -43340.0 40.0 6
2456654.5518 -43250.0 40.0 6
2456675.5568 -43250.0 40.0 6
2457025.5523 -43210.0 40.0 6
2457237.9339 -43170.0 40.0 6
2457350.7053 -43110.0 40.0 6
2457407.5517 -43110.0 40.0 6
2458033.8634 -43070.0 40.0 6
2458061.8106 -43060.0 40.0 6
2458145.5915 -43030.0 40.0 6
2451010.896708 11278.3 4.5 5
2451010.901517 11283.1 4.5 5
2451065.847618 11323.2 4.9 5
2451152.612696 11397.0 5.2 5
2451212.593144 11452.0 5.9 5
2451212.597105 11451.5 5.4 5
2451239.566681 11436.2 9.9 5
2451239.570668 11464.0 12.3 5
2451417.915136 11545.9 4.8 5
2451451.840619 11554.1 5.1 5
2451503.655467 11576.5 4.9 5
2451503.659171 11570.8 5.1 5
2451503.662467 11572.8 4.9 5
2451530.721317 11585.5 5.1 5
2451556.628609 11599.5 5.0 5
2451750.944152 11727.4 4.6 5
2451775.875485 11747.8 4.5 5
2451811.812146 11775.3 4.6 5
2451861.705956 11845.3 6.2 5
2451861.7099 11851.9 5.9 5
2451919.589153 11851.1 4.9 5
2451946.719899 11869.6 5.3 5
2452117.955255 11989.1 4.9 5
2452221.845048 12033.2 5.4 5
2452328.612534 12059.4 4.8 5
2452472.954927 12117.1 5.0 5
2452472.958233 12107.2 5.3 5
2452473.952901 12106.7 5.0 5
2452473.956096 12105.3 4.9 5
2452492.88643 12118.2 4.8 5
2452492.888298 12111.5 4.3 5
2452493.855608 12117.9 4.8 5
2452493.857481 12109.7 4.8 5
2452494.92933 12127.0 4.8 5
2452494.930964 12125.3 4.7 5
2452495.915967 12128.7 5.0 5
2452538.845266 12148.0 5.2 5
2452538.847233 12145.8 5.6 5
2452576.782403 12172.8 4.8 5
2452599.635209 12194.6 5.0 5
2452599.637783 12194.2 5.1 5
2452621.713167 12189.0 4.9 5
2452621.715514 12191.4 5.0 5
2452839.935328 12335.3 4.8 5
2452839.938136 12334.6 4.9 5
2452930.845925 12395.1 5.1 5
2452930.847839 12392.4 4.8 5
2452958.691558 12408.9 5.2 5
2452958.694988 12410.0 5.7 5
2453067.579996 12461.8 4.8 5
2453067.584688 12459.3 4.8 5
2453067.588947 12464.2 4.9 5
2453318.656401 12518.6 5.0 5
2453318.661379 12513.6 5.2 5
2453584.949372 12637.7 5.0 5
2453584.951295 12640.1 5.0 5
2453655.785097 12662.0 4.8 5
2453655.788903 12662.4 5.0 5
2453689.730362 12689.2 5.3 5
2453746.673823 12710.2 5.0 5
2453746.67695 12714.1 4.9 5
2454732.851277 13071.7 4.8 5
2454732.853434 13076.1 4.7 5
2454732.855588 13078.7 4.8 5
2454783.702543 13080.0 5.0 5
2454783.704771 13075.0 5.3 5
2454783.706577 13079.8 5.3 5
2454783.708387 13082.4 5.2 5
2455047.937008 13131.9 6.0 5
2455047.938955 13123.4 5.5 5
2455047.94212 13124.4 5.5 5
2455102.813743 13110.6 5.3 5
2455102.815048 13112.4 5.2 5
2455102.816363 13117.4 5.1 5
2455131.731766 13121.3 5.6 5
2455131.733644 13124.9 5.5 5
2455131.735485 13124.0 5.8 5
2455131.737396 13123.6 5.7 5
2455131.739306 13124.2 5.6 5
2455173.715859 13131.7 5.7 5
2455173.718006 13124.2 5.7 5
2455173.720256 13125.3 5.8 5
2455200.609637 13125.9 7.3 5
2455200.611843 13122.8 6.6 5
2455200.614145 13130.2 6.5 5
2455399.64006 13209.4 5.4 5
2455399.641913 13209.8 5.2 5
2455399.643745 13210.2 5.2 5
2455399.666992 13209.4 5.2 5
2455399.668939 13210.0 5.5 5
2455399.670894 13213.8 5.3 5
2455470.841733 13243.1 5.3 5
2455470.843303 13248.3 5.0 5
2455470.845026 13243.7 4.9 5
2455494.805535 13256.3 5.0 5
2455494.807234 13255.8 5.2 5
2455494.808893 13252.4 5.1 5
2455494.810554 13252.4 5.0 5
2455494.812156 13255.2 5.5 5
2455526.69528 13272.8 5.1 5
2455526.697891 13268.7 5.3 5
2455526.700192 13271.6 5.1 5
2455526.702472 13265.7 5.2 5
2455526.704773 13268.6 5.1 5
2455526.70712 13261.9 4.9 5
2455585.602128 13281.5 5.4 5
2455585.606014 13280.7 5.0 5
2455585.610575 13286.5 5.1 5
2455761.744974 13318.0 6.5 5
2455761.746624 13319.2 6.0 5
2455761.748267 13338.9 6.6 5
2455870.746735 13361.8 5.4 5
2455870.749864 13353.1 5.3 5
2456172.880096 13368.9 5.3 5
2456172.882038 13368.5 5.1 5
2456179.883294 13369.9 5.1 5
2456179.884808 13366.2 5.0 5
2456179.886323 13370.9 5.1 5
2456180.836595 13372.2 6.9 5
2456180.838316 13376.3 7.1 5
2456180.840043 13368.3 6.2 5
2456235.772233 13414.2 5.6 5
2456235.773097 13409.5 5.5 5
2456235.773953 13407.5 5.3 5
2456239.716437 13417.7 5.8 5
2456239.7179 13411.1 5.6 5
2456266.871173 13411.6 6.0 5
2456266.872639 13414.4 6.0 5
2456266.874107 13410.9 5.6 5
2456518.93391 13501.8 4.8 5
2456518.935291 13501.0 5.0 5
2456518.936672 13499.2 5.0 5
2456561.819319 13517.3 5.2 5
2456590.812026 13522.2 4.8 5
2456590.813702 13523.5 4.8 5
2456623.627779 13541.7 5.2 5
2456623.629696 13540.9 5.3 5
2456623.631615 13537.1 5.6 5
2456640.600233 13535.1 5.1 5
2456640.602117 13531.5 5.3 5
2456640.603977 13538.4 5.5 5
2456672.58854 13541.0 4.8 5
2456672.590122 13544.6 4.9 5
2456672.591691 13540.2 4.7 5
2456697.560407 13543.8 5.4 5
2456697.562435 13536.9 5.2 5
2456697.564504 13541.8 5.3 5
2456861.915159 13538.1 5.0 5
2456861.917353 13539.0 4.9 5
2456861.919329 13533.9 5.0 5
2456883.932973 13537.1 5.0 5
2456883.934374 13542.7 5.1 5
2456883.935804 13537.0 4.8 5
2456933.840622 13532.8 5.4 5
2456933.84205 13542.0 5.0 5
2456933.843439 13537.1 5.3 5
2456937.843833 13534.1 5.4 5
2456937.845638 13538.1 5.5 5
2456937.847392 13533.0 5.1 5
2456971.700878 13555.4 5.5 5
2456971.702752 13550.9 5.2 5
2456971.704633 13561.9 5.3 5
2457034.60586 13556.0 5.3 5
2457034.607524 13553.9 5.2 5
2457034.609286 13552.1 5.1 5
2457242.977593 13597.0 4.7 5
2457242.979198 13599.3 4.9 5
2457242.981019 13601.5 5.0 5
2457402.595723 13678.7 5.1 5
2457402.597687 13679.9 5.2 5
2457402.599948 13681.4 5.3 5
2457609.932563 13712.0 5.7 5
2457734.566544 13701.7 5.8 5
2457734.568159 13697.4 5.0 5
2457734.569761 13704.0 5.6 5
2457738.651621 13707.6 5.4 5
2457738.653112 13711.8 5.6 5
2457738.654583 13713.0 5.6 5
2457772.674837 13699.9 5.2 5
2457772.67626 13696.1 5.0 5
2457772.677689 13691.4 4.8 5
2457954.951568 13709.6 5.3 5
2457954.954068 13704.5 5.5 5
2457954.955588 13697.7 5.4 5
2458007.812023 13709.1 5.2 5
2458007.813563 13708.1 5.1 5
2458007.815066 13707.6 5.1 5
2458010.794432 13707.4 4.9 5
2458067.684885 13764.8 7.0 5
2458067.686526 13758.9 6.7 5
2458067.688189 13748.1 6.2 5
2458097.561825 13751.5 4.9 5
2458097.563244 13755.8 5.3 5
2458097.564661 13750.9 5.1 5
2458322.95847 13805.6 5.2 5
2458322.960171 13803.7 5.0 5
2458322.961874 13805.2 5.1 5
2458457.660536 13831.4 5.0 5
2458457.662338 13831.5 5.1 5
2458457.664127 13842.7 5.4 5
2458465.642745 13838.5 5.0 5
2458465.644659 13842.2 5.1 5
2458465.646591 13840.8 5.3 5
2458494.57743 13845.4 5.2 5
2458494.579759 13842.8 5.4 5
2458684.955327 13813.5 5.1 5
2458684.95717 13812.3 5.3 5
2458684.958953 13816.3 5.0 5
2458779.82133 13828.0 5.7 5
2458779.823358 13833.1 5.6 5
2458856.6299 13834.6 5.5 5
2458856.631663 13831.5 5.3 5
2458856.633449 13831.3 5.4 5
2459091.88829 13883.6 5.7 5
2459091.889896 13883.8 6.4 5
2459091.891579 13893.7 5.6 5
2459114.835799 13906.6 5.8 5
2459114.837344 13902.5 5.2 5
2459114.838886 13898.8 5.7 5
2459133.859739 13898.3 6.3 5
2459133.861608 13893.2 6.9 5
2459133.863477 13896.5 6.9 5
2459135.790602 13902.9 5.5 5
2459135.792396 13907.2 5.5 5
2459135.794272 13911.3 5.1 5
2459144.661719 13929.5 5.6 5
2459144.663507 13939.1 5.7 5
2459192.724634 13940.0 5.6 5
2459192.72617 13938.3 5.6 5
2459192.72774 13932.6 5.4 5
2459516.765727 13945.4 5.8 5
2459516.767701 13945.1 5.5 5
2459529.786238 13954.4 6.3 5
2459529.787774 13955.5 5.7 5
2459529.789313 13950.5 6.3 5
2459541.712844 13955.8 5.7 5
2459541.714746 13953.4 5.3 5
2459845.854839 13959.6 5.3 5
2459845.85686 13958.0 5.4 5
2460142.962966 14026.0 5.3 5
2460142.964491 14028.6 5.4 5
2460244.729299 14040.3 6.0 5
2460244.730879 14031.9 5.3 5
2460244.732468 14039.9 5.7 5
2460288.576715 14028.1 5.2 5
2460327.593756 14039.0 5.3 5
2460327.595556 14041.4 5.4 5
2460327.597402 14038.4 5.2 5
2460613.731524 14024.7 6.2 5
2460613.733361 14021.9 5.8 5
2460613.735205 14022.3 5.9 5
2460934.790546 14067.7 5.4 5
2460934.794141 14075.3 5.6 5
